Multiple size <= 100
TEST 8 ARG:81 54 42 88 76 37 7 80 26 49 52 69 55 43 70 25 51 36 87 74 46 94 16 10 68 11 83 59 53 73 58 18 6 96 61 9 27 72 35 50 77 89 0 60 34 65 91 33 38 28 84 22 97 29 95 12 19 67 44 21 71 30 48 15 75 45 56 41 99 85 1 13 86 63 31 32 23 62 78 8 66 40 4 24 92 93 20 47 14 98 64 82 5 17 90 57 39 2 79 3
TEST 12 ARG:51 81 60 0 58 12 9 49 28 96 22 73 45 71 90 6 30 79 52 3 41 8 57 82 33 32 70 16 97 88 24 95 77 68 89 65 98 21 5 11 56 94 25 83 53 4 43 47 66 18 48 61 42 40 15 76 55 72 19 50 86 37 23 69 17 87 13 44 34 62 93 20 99 78 31 75 92 35 85 46 10 64 2 91 67 39 54 7 84 1 36 74 14 29 26 63 38 27 59 80
TEST 26 ARG:49 56 62 7 51 22 54 87 64 84 65 35 94 18 88 5 16 53 83 19 46 31 32 29 93 97 41 72 67 50 13 48 6 15 91 74 69 11 43 82 86 99 92 73 25 30 34 98 1 10 2 66 89 47 12 70 8 3 95 0 36 21 45 68 24 90 44 61 42 37 26 79 17 81 77 59 23 78 71 52 96 63 4 14 40 55 38 76 60 57 80 85 20 9 33 27 39 58 28 75
TEST 35 ARG:72 68 91 61 76 9 94 86 32 24 65 8 37 2 12 27 96 34 87 75 81 26 14 89 49 10 45 36 46 93 3 71 64 39 99 43 22 31 40 84 82 47 66 7 42 95 92 78 41 59 29 57 35 69 4 50 70 13 62 44 52 28 79 53 20 90 6 17 16 80 1 98 67 56 88 21 85 74 19 18 23 55 0 38 30 51 11 97 83 58 25 33 63 48 60 5 54 15 73 77
TEST 42 ARG:65 85 2 32 49 36 18 26 28 22 31 94 97 25 69 86 17 8 6 50 45 93 59 58 4 81 41 60 92 35 99 12 47 37 90 27 30 11 38 46 96 24 66 1 42 34 14 23 63 87 77 0 44 62 10 74 48 67 53 7 73 71 57 84 83 39 3 75 9 43 21 13 15 64 55 89 76 80 54 56 88 19 33 29 72 98 70 82 52 95 16 61 68 20 5 51 40 79 78 91
TEST 43 ARG:87 40 77 80 72 31 94 90 26 12 30 19 66 82 4 0 41 71 38 69 16 25 64 29 96 59 2 53 20 28 51 83 86 99 5 78 81 36 9 84 39 62 42 74 52 10 89 93 91 13 7 61 49 11 24 23 43 65 85 57 37 55 32 35 6 75 76 79 97 34 88 33 8 27 14 15 3 47 46 54 18 98 45 70 63 56 58 95 73 92 67 17 44 60 48 68 21 1 22 50
TEST 47 ARG:63 1 77 84 56 94 42 0 16 10 58 49 36 82 39 64 79 14 65 74 48 25 27 3 37 60 70 80 26 30 59 69 95 35 89 46 41 55 93 38 43 28 4 68 9 57 99 11 98 32 83 22 6 66 17 12 44 88 87 18 75 33 2 52 90 91 96 19 8 23 31 45 51 13 61 34 72 92 5 50 85 24 21 53 76 73 20 81 7 71 54 62 67 29 78 97 15 86 40 47
TEST 51 ARG:85 90 32 11 49 7 18 5 78 6 96 16 94 24 86 92 36 61 41 3 35 13 65 72 52 2 76 53 79 93 22 95 37 59 69 21 89 62 81 71 34 43 26 63 55 67 20 9 12 64 30 91 58 29 99 0 10 15 31 38 56 57 4 27 87 19 80 98 75 82 17 88 46 23 66 33 68 48 1 47 25 54 40 42 28 50 44 8 77 70 39 73 60 97 84 45 83 51 14 74
TEST 55 ARG:99 24 85 9 16 96 18 1 38 93 47 35 25 6 5 66 12 17 92 86 11 95 37 26 94 0 57 50 46 28 83 62 88 58 45 70 34 7 21 36 52 55 42 8 53 69 15 76 90 41 79 77 65 39 49 27 80 91 4 48 81 64 22 74 51 87 14 23 19 32 68 31 3 40 43 97 84 30 75 2 98 60 20 44 71 89 56 73 82 59 10 67 29 78 13 72 54 61 63 33
TEST 57 ARG:62 59 53 26 86 18 81 55 99 82 22 33 49 48 64 15 47 16 80 11 94 40 52 9 3 0 74 2 84 89 20 1 67 42 25 73 72 10 28 92 69 77 39 60 32 6 98 24 19 34 31 4 95 45 54 50 88 61 30 12 21 93 51 35 13 43 68 14 87 66 71 41 70 23 78 83 63 7 8 65 58 79 56 85 36 38 44 90 29 37 5 96 97 27 91 46 17 76 75 57
